8.382683992385864
8.071260929107666
8.240633249282837
8.486815929412842
8.07671308517456
8.34736180305481
8.12818694114685
7.758061408996582
8.159276247024536
8.289830684661865
8.110662460327148
8.352352380752563
7.959229946136475
8.252916097640991
8.411550760269165
8.383240699768066
8.219440221786499
9.495895624160767
8.50838303565979
8.339202165603638
8.079122304916382
8.007434606552124
7.959845066070557
8.03265380859375
8.230740308761597
8.097220659255981
8.443156242370605
7.998431205749512
8.305420160293579
8.979507207870483
8.224185705184937
8.272116422653198
8.325545310974121
7.809566974639893
8.301942110061646
8.075495481491089
8.54066252708435
8.319696426391602
7.9246110916137695
8.10842752456665
8.341801404953003
8.307728052139282
8.571815490722656
8.336217880249023
7.986482620239258
8.244235277175903
8.139648914337158
8.039371252059937
8.293466329574585
8.309625148773193
8.045249462127686
8.512110233306885
7.983063459396362
7.990484714508057
8.066727876663208
7.971735239028931
8.204107284545898
8.184619903564453
8.243949174880981
8.249122142791748
8.012031078338623
8.16791844367981
8.33342981338501
8.07579517364502
8.247065544128418
8.082820892333984
8.065317869186401
8.094948768615723
8.33565878868103
8.103240013122559
8.139538764953613
8.229958295822144
8.220422506332397
8.181592226028442
8.133232355117798
8.13040566444397
8.009012937545776
7.8591814041137695
7.730062007904053
8.076655864715576
8.273482322692871
7.945493459701538
8.231067419052124
7.917194604873657
8.137072324752808
8.197392463684082
7.7651753425598145
7.862065553665161
7.941407203674316
8.136001110076904
8.276801109313965
8.302591562271118
8.162145137786865
8.26083755493164
8.315045356750488
8.67494010925293
8.140599489212036
8.548457145690918
7.963966369628906
8.288185358047485
