8.326622247695923
8.273479700088501
7.994351387023926
8.453852653503418
8.255414009094238
8.31585431098938
8.263249158859253
8.414627313613892
8.465326070785522
8.217561960220337
8.094618082046509
8.234096050262451
8.325740098953247
8.141180038452148
8.702464818954468
7.963927507400513
8.07660698890686
8.347093343734741
8.211888790130615
8.876577854156494
8.081465244293213
8.292652606964111
8.134352445602417
8.24288272857666
9.70066785812378
8.953305959701538
8.049288034439087
8.263114213943481
8.303217649459839
8.29310941696167
8.353519439697266
8.272139549255371
8.081541061401367
8.112331628799438
8.102282047271729
8.048224210739136
8.129532098770142
8.560347318649292
9.399960041046143
8.084745407104492
7.943636178970337
8.240832567214966
8.090039014816284
7.911307334899902
8.29790186882019
8.286513805389404
7.890812873840332
8.155976057052612
8.324061393737793
8.106115102767944
7.901147365570068
8.234998226165771
7.957003831863403
8.518167495727539
8.703799486160278
8.12395191192627
8.232284784317017
8.249317407608032
8.145671367645264
8.36862850189209
8.160100936889648
8.395876407623291
7.9189112186431885
8.138410568237305
8.131124258041382
8.291765928268433
8.187028169631958
8.038320302963257
8.168922424316406
8.145011186599731
8.146183967590332
8.099450588226318
8.4523286819458
8.160297393798828
8.167357206344604
8.417060136795044
8.0808584690094
8.610996723175049
8.232036352157593
8.251930475234985
8.443642616271973
8.190781593322754
8.234743595123291
8.208730697631836
8.374632596969604
8.216040134429932
8.340197086334229
8.355045795440674
8.155613422393799
8.353310108184814
8.43278193473816
8.306044101715088
8.255155563354492
8.052269697189331
7.973769664764404
8.164029359817505
7.995822191238403
7.859654903411865
8.124557971954346
8.07260012626648
