22.720675706863403
21.62493896484375
23.124547719955444
30.54150414466858
26.127636671066284
29.44392967224121
26.08030652999878
26.8825945854187
27.247279405593872
26.943244457244873
27.679530143737793
27.174001693725586
26.91516661643982
25.85710310935974
27.07247519493103
26.077381372451782
30.7997784614563
30.24160361289978
26.709108591079712
27.36338472366333
26.421133756637573
32.6093008518219
26.6145281791687
38.51649618148804
32.34044051170349
28.138381958007812
81.29596138000488
27.031673669815063
26.491527318954468
28.888538122177124
32.23303532600403
27.09353017807007
26.70482563972473
27.534048318862915
42.60173559188843
32.44553089141846
26.9639573097229
34.37489461898804
26.49505114555359
32.95262694358826
27.77979588508606
27.07374405860901
27.661553859710693
26.35375428199768
27.86818766593933
31.82868218421936
28.5749249458313
26.507599115371704
26.827736616134644
30.02410125732422
39.0650680065155
27.46191906929016
26.50894546508789
32.19219756126404
28.706311464309692
28.287559270858765
26.819631099700928
26.964412212371826
27.73507308959961
26.914222478866577
30.21907329559326
26.18181300163269
29.644851207733154
26.61576247215271
26.90010380744934
27.59020209312439
26.369555473327637
27.363813400268555
26.3910071849823
27.56511950492859
27.355597496032715
26.897411108016968
31.5633761882782
26.54052424430847
33.08608412742615
26.796775579452515
79.57944369316101
27.539688110351562
26.495718479156494
32.77819013595581
26.77648639678955
40.3189697265625
27.231210231781006
31.13012194633484
31.34531855583191
32.65796732902527
28.434349298477173
27.071041584014893
28.35966730117798
26.731253623962402
28.51061987876892
26.996652841567993
31.980064868927002
39.724754333496094
26.499517679214478
27.478764533996582
36.921799659729004
28.139240264892578
26.6252863407135
27.42932415008545
