5.70194411277771
5.453855752944946
5.596462726593018
5.495052099227905
4.9156999588012695
5.031901597976685
5.647635459899902
5.240809679031372
5.370299339294434
6.437800168991089
5.115830659866333
5.461563348770142
5.536993026733398
5.198867559432983
5.371744394302368
4.998223066329956
5.625341415405273
5.2574615478515625
5.665141344070435
5.606046438217163
5.338806390762329
6.665482044219971
5.4004738330841064
5.473736524581909
5.140923023223877
5.582905292510986
5.778765439987183
5.8010313510894775
5.735389232635498
5.450842618942261
5.558912515640259
5.42629075050354
5.6577489376068115
6.214210510253906
5.4524171352386475
5.457282543182373
5.7952351570129395
5.469435453414917
5.515278339385986
5.341925859451294
5.8815648555755615
5.486759185791016
5.323633432388306
6.02658748626709
6.611001491546631
5.8557868003845215
5.292294502258301
5.201103687286377
5.4448137283325195
5.145122528076172
5.434801340103149
5.549826145172119
5.031562089920044
5.389358043670654
5.373521327972412
5.684164762496948
8.94885778427124
5.537801027297974
5.191980600357056
5.7653303146362305
5.376931667327881
5.405699968338013
5.425577163696289
5.54215669631958
5.612492561340332
5.414122819900513
5.491897821426392
5.552948474884033
6.564598560333252
5.640664339065552
5.481158256530762
5.269096374511719
5.126255035400391
5.272417783737183
5.411785364151001
5.45700740814209
5.6576621532440186
5.062143802642822
5.271898031234741
5.583960771560669
6.162920236587524
5.259948968887329
5.249663352966309
5.609195709228516
5.625188589096069
5.508395433425903
5.313467979431152
5.310995101928711
5.694420337677002
5.256994247436523
5.868285655975342
5.562164068222046
6.296337127685547
5.245543718338013
5.139568090438843
5.329014301300049
5.601734638214111
5.688406705856323
5.124430418014526
5.150540113449097
