36.3117299079895
26.68402361869812
32.75200152397156
25.84888744354248
33.03120756149292
26.664368391036987
32.312230348587036
36.69419527053833
32.5537691116333
32.25378441810608
32.92258834838867
26.906365633010864
26.57597279548645
27.491153717041016
26.317705154418945
27.612127780914307
31.437609434127808
27.52535128593445
26.799679040908813
26.804416179656982
29.873744010925293
27.254701137542725
27.746169567108154
26.836028814315796
32.276368618011475
81.43874549865723
26.293365955352783
32.339521169662476
25.985517501831055
27.41968584060669
28.924035787582397
26.35022282600403
27.448217391967773
26.709079265594482
27.69066548347473
27.314145803451538
26.43579125404358
32.40084528923035
28.10466480255127
28.477052211761475
31.85442876815796
30.125879526138306
31.588186264038086
33.13177156448364
26.77235722541809
26.898441076278687
28.538695096969604
26.420276641845703
27.607194423675537
26.590046644210815
27.661447286605835
26.855000257492065
26.244155883789062
30.382710218429565
26.527888536453247
27.981993198394775
31.686657190322876
32.84695649147034
26.36559247970581
32.342347145080566
27.51552104949951
27.113900899887085
27.77803659439087
26.609591484069824
30.030122995376587
30.477983951568604
26.447946786880493
27.082284688949585
28.666463613510132
31.385180234909058
28.851402044296265
28.133078575134277
34.47536540031433
75.94243931770325
29.93949007987976
26.57637882232666
27.297893047332764
26.826894998550415
26.41423797607422
27.217225074768066
31.456336736679077
27.757332801818848
33.17103290557861
27.75787115097046
26.3577880859375
26.56078815460205
34.875741720199585
31.426975965499878
27.68489360809326
26.31074595451355
27.12885332107544
26.09224271774292
27.135252714157104
27.623537302017212
26.349321365356445
27.412282943725586
26.133771181106567
30.19130825996399
35.044015645980835
28.50396203994751
