1.3633410930633545
1.3371622562408447
1.4584872722625732
1.3358829021453857
1.3339879512786865
1.3014671802520752
1.3261525630950928
1.3404624462127686
1.411266803741455
1.2412364482879639
1.3081154823303223
1.2929589748382568
1.4093661308288574
1.4188454151153564
1.293524980545044
1.3039650917053223
1.3603625297546387
1.3593182563781738
1.3094966411590576
1.3206462860107422
1.2913038730621338
1.3987200260162354
1.2637169361114502
1.5829358100891113
1.8085033893585205
1.509441614151001
1.7183713912963867
1.3120701313018799
1.3287506103515625
1.3206760883331299
1.3917131423950195
1.1861579418182373
1.3016760349273682
1.406238317489624
1.4585084915161133
1.4876070022583008
1.1933813095092773
1.4875757694244385
1.303551197052002
1.4198079109191895
1.1871485710144043
1.3256278038024902
1.301966905593872
1.328246831893921
1.3741741180419922
1.3858768939971924
1.2954940795898438
1.3134040832519531
1.3522677421569824
1.3444099426269531
1.3002846240997314
1.2969717979431152
1.3108725547790527
1.3324873447418213
1.29282546043396
1.3094253540039062
1.3324713706970215
1.4457354545593262
1.3796539306640625
1.264087438583374
1.3059823513031006
1.4149589538574219
1.410736322402954
1.3523406982421875
1.304241418838501
1.4098639488220215
1.3096013069152832
1.364480972290039
1.3524985313415527
1.3211286067962646
1.3007709980010986
1.3146724700927734
1.3865680694580078
1.2973668575286865
1.297433614730835
1.2910702228546143
1.3100166320800781
1.4664952754974365
1.388455867767334
1.5037450790405273
1.3410859107971191
1.3155632019042969
1.334179401397705
1.393376111984253
1.2962172031402588
1.2133221626281738
1.4612255096435547
1.3130230903625488
1.3547711372375488
1.31038498878479
1.3000504970550537
1.3841865062713623
1.281273603439331
1.3079910278320312
1.298586130142212
1.2897052764892578
1.3320202827453613
1.305906057357788
1.3976311683654785
1.451589822769165
